sample datas/auxilary.asc
ncols         85
nrows         85
xllcorner     614615.194
yllcorner     4299465.22
cellsize      90
NODATA_value  -9999
[rows 0 to 26 of 85, columns 0 to 59 of 85]
0.8108529 0.8668988 0.8524352 0.801636 0.7977958 0.8201312 0.8194978 0.7748002 0.6782528 0.5721894 0.4880334 0.4872484 0.5616186 0.6246985 0.6514353 0.7149668 0.7167218 0.6840124 0.6181592 0.6491738 0.7752389 0.8148189 0.798997 0.7263377 0.5617562 0.3201282 0.409171 0.8356615 0.705559 0.2536329 0.5583981 0.6604725 0.5102995 0.5738959 0.6439558 0.6470584 -9999 0.6086282 0.4016616 0.5268258 0.4507558 0.3826561 0.3467032 0.3920193 0.349996 0.6244755 0.9547409 -9999 0.3810183 0.5429224 0.4269991 0.3103645 0.5591475 0.7158937 0.6578326 0.6261366 0.6135197 0.598379 0.4696115 0.5885088
0.8231078 0.8833283 0.8531847 0.7917512 0.8003907 0.810897 0.7991712 0.6692842 0.5601475 0.551038 0.540751 0.5914245 0.6710177 0.6900054 0.7208652 0.7414692 0.6844533 0.6147137 0.6147029 0.7270647 0.7693685 0.7432382 0.7610323 0.6264964 0.4227417 0.3544066 0.3613358 0.4832571 0.4728622 0.5302426 0.5297842 0.480337 0.4455895 0.5829664 0.6477421 0.6537618 0.9176494 0.5552982 0.4444378 0.480498 0.4542356 0.369181 0.4162599 0.4885804 0.4581797 0.3396714 0.7366234 -9999 0.3887848 0.5440187 0.3679306 0.8235575 0.8717239 0.7224762 0.3029832 0.5424079 0.6184566 0.4375095 0.6895572 0.7537523
0.8355111 0.8790215 0.8301514 0.7712321 0.7645466 0.7009387 0.6006178 0.4803058 0.5180393 0.5873563 0.5746875 0.6207938 0.6835092 0.7201899 0.7631389 0.750084 0.6574767 0.59029 0.6658484 0.7625604 0.7592547 0.7162325 0.68549 0.5620358 0.4430672 0.812278 0.342749 0.3371718 0.5547229 0.5218364 0.5211129 0.5006513 0.4780576 0.3956517 0.673097 0.7903165 0.9042927 0.3415277 0.3274619 0.6732201 0.5194117 0.4051623 0.3745758 0.4200873 0.4558225 0.4686435 0.535008 0.6873747 0.3358901 0.3010097 0.3844332 0.5833964 0.8159275 0.5527121 0.3018692 0.2180285 0.4875615 0.8352726 0.7158536 0.6890529
0.8327957 0.8444442 0.7928072 0.6859502 0.6186528 0.514196 0.467039 0.4061507 0.5012378 0.5499024 0.5864391 0.6547732 0.7174101 0.7594515 0.7998842 0.7846408 0.6438593 0.585511 0.6537054 0.7369613 0.7424349 0.6842135 0.6091648 0.4741117 0.5110654 0.6463143 0.3448513 0.3241973 0.6189902 0.4163677 0.5200031 0.554099 0.5360138 0.4723732 0.5053602 0.7503336 -9999 0.4283936 0.3937367 0.585868 0.6317632 0.5018997 0.4612815 0.4800568 0.7368066 0.5973299 0.4093735 0.5630332 0.4303302 0.4459604 0.5161229 0.4874398 0.6003525 -9999 0.3903644 0.455646 0.3076522 0.526338 0.9653026 0.5961857
0.8245068 0.7791974 0.6312603 0.5240991 0.4796456 0.4996645 0.544032 0.4254578 0.4326983 0.4617923 0.6237091 0.7076135 0.7647628 0.775554 0.8178073 0.7639638 0.5796438 0.5684611 0.4024224 -9999 0.6428754 0.6084056 0.5506036 0.6963465 0.778528 0.6469924 0.5279428 0.6033738 0.4994026 0.6079418 0.4909706 0.5263867 0.5281417 0.5887668 0.6531478 0.7585494 -9999 0.456608 0.4526615 0.5706061 0.6327003 0.6590325 0.3078314 0.6501796 -9999 0.2944928 0.5568595 0.5415226 0.4242756 0.4073707 0.5248859 0.3452694 0.5619704 0.646148 0.5303066 0.3192876 0.5895387 0.5737152 0.9206063 0.5790234
0.7845591 0.6148825 0.4841008 0.498486 0.5342623 0.6139405 0.60523 0.4470093 0.4234598 0.4330682 0.6347628 0.7454287 0.7762401 0.7793651 0.78022 0.6611888 0.5691332 0.6044912 0.2578093 0.6918335 -9999 0.9915221 0.5389821 0.5041642 0.5898249 0.6416826 0.4178025 0.4443439 0.7589321 0.5272935 0.3978537 0.4559174 0.4942459 0.5499314 0.6257842 0.2920462 -9999 0.4329521 0.6149523 0.6296578 0.5577437 0.6619295 0.5001614 0.8069043 -9999 0.3465077 0.6007552 0.3829745 0.3104681 0.3491018 0.5447709 0.4886276 0.4290971 0.4497386 0.5740213 0.4006386 0.3620623 0.8696396 0.6497611 0.5499652
0.5988542 0.4513139 0.479381 0.5896716 0.6501997 0.6478543 0.5840937 0.5311211 0.4882485 0.4941157 0.6659161 0.7725677 0.7826428 0.7666683 0.6984997 0.6040891 0.652116 0.6429818 0.3766609 0.4407196 0.7477065 -9999 0.5073803 0.3847413 0.7347305 0.5581906 0.5297875 0.4731418 0.5925131 0.5348821 0.4896627 0.522114 0.5651128 0.4607378 0.7568253 0.6063079 -9999 0.4897142 0.5120143 0.5112611 0.5406011 0.6227103 0.6596448 0.7570677 -9999 0.3796135 0.4313324 0.6459571 0.5048118 0.4092194 0.6818986 0.624265 0.4650542 0.555135 0.4268039 0.3839618 0.4192097 0.9305574 0.6099615 0.4076225
0.4891077 0.4582802 0.5679256 0.654371 0.6813036 0.5858046 0.5301082 0.5561191 0.5389993 0.6045633 0.7293079 0.7831203 0.7761573 0.7103148 0.6266029 0.6347778 0.7309887 0.6954005 0.4684166 0.6307612 0.7815509 0.4730138 0.4838646 0.3381446 0.2948943 0.5835851 0.5318149 0.6523485 0.3843185 0.2890449 0.4605228 0.3345322 0.3925039 0.324233 0.3572984 0.3830984 0.7165797 0.5735617 0.5172671 0.5926492 0.4926933 0.5881238 0.6545148 0.6961483 -9999 0.4516382 0.4815409 0.5085106 0.3965636 0.4158081 0.5067441 0.5753787 0.309088 0.4917697 0.3081698 0.6335195 0.4048111 0.2572449 0.9978774 0.5392904
0.4989139 0.5277134 0.6515977 0.6546732 0.6359349 0.5569966 0.5593678 0.5463559 0.5627251 0.6923508 0.7862754 0.7970097 0.7546887 0.6387019 0.6033245 0.6637278 0.7451707 0.7303521 0.4932446 -9999 -9999 0.4550218 0.4039212 0.4480195 0.6191149 0.4677268 0.426325 0.5732797 0.5764374 0.6689466 0.7841372 0.5559366 0.4465851 0.7435421 0.6747477 0.4485432 0.591752 0.4909465 0.4683316 0.3938228 0.4783068 0.5696621 0.4876986 0.3386151 0.6981584 0.6480256 0.4464537 0.4589801 0.3468589 0.3015196 0.3160011 0.3497413 0.2107533 0.4773227 0.472139 0.4776134 0.4080366 0.7411647 -9999 0.3277876
0.4464382 0.5287113 0.6586929 0.6385814 0.6142685 0.5601678 0.4987107 0.4589759 0.5774254 0.7537864 0.8112347 0.7907855 0.6889699 0.6194496 0.6438518 0.5907513 0.5570827 0.6127662 0.5040563 0.9492286 0.927156 0.3637598 0.4560382 0.4327234 0.4444385 0.5719755 0.4415078 0.6221557 0.5470089 0.7016616 -9999 0.8842911 0.7901534 0.3860024 0.7583953 0.2970751 0.2455242 0.6097231 0.4467075 0.521115 0.4350285 0.3862037 0.4222444 0.3500519 0.526211 0.4718421 0.3744419 0.5647691 0.5229229 0.4732931 0.5831685 0.4622191 0.3858573 0.3657972 0.4057605 0.2687434 0.4472901 0.6758984 -9999 0.4345484
0.4842965 0.5916384 0.6301226 0.6367146 0.6161191 0.4873333 0.344686 0.4002319 0.636806 0.8039706 0.7951375 0.7283465 0.6063473 0.6321959 0.7154615 0.4771313 0.6839955 -9999 -9999 0.4690462 -9999 0.3619654 0.3913588 0.5018508 0.436795 0.5069019 0.4954018 0.9387844 0.4553494 0.5200121 -9999 0.50038 0.2965688 0.6446917 0.679297 0.6271342 0.5179803 0.50389 0.5900849 0.5603809 0.5203944 0.5150998 0.4544527 0.3166254 0.4457819 0.3734271 0.4136787 0.499111 0.3302422 0.4240792 0.43254 0.4320261 0.5893135 0.6811952 0.4166228 0.3682303 0.3933073 0.6025928 0.8103279 -9999
0.6283407 0.6492114 0.6234112 0.6513772 0.6198131 0.4360147 0.3659342 0.4780282 0.6610361 0.7917007 0.7728355 0.6564056 0.6194281 0.6806551 0.6950435 0.4662949 0.3312059 0.3845522 0.4681123 -9999 0.7085592 0.4234979 0.5548738 0.3443111 0.3999381 0.5323038 0.6656946 0.3828552 0.4870738 0.8483434 -9999 0.45745 0.3350361 0.5016775 0.7561007 0.5643095 0.5499105 0.5095 0.5300024 0.4155296 0.6393526 -9999 0.8049879 0.4216 0.4696927 0.4300901 0.4398237 0.4933084 0.4034767 0.3793441 0.3873014 0.3948342 0.6730586 0.4194551 0.3023365 0.4316337 0.357282 0.3861012 0.673329 0.6295325
0.6683798 0.6547722 0.6508352 0.683893 0.592617 0.4171012 0.4336779 0.5352688 0.6474392 0.7705289 0.7569416 0.6597736 0.6585972 0.7143571 0.6111241 0.4129384 0.6946014 0.4215406 0.4268352 -9999 0.340901 0.5636031 0.5475917 0.4546979 0.5798205 0.7724251 -9999 -9999 0.5831625 0.7873725 0.9696601 0.4258803 0.5078811 0.6550698 0.5309232 0.4066277 0.6623555 0.4298229 0.4579896 0.8802373 -9999 0.4426852 0.2602719 0.5952381 0.7508688 0.2146809 0.5595023 0.6924927 0.5606838 0.4226884 0.4170851 0.320957 0.4576539 -9999 0.5136099 0.2936655 0.3561386 0.3423465 0.4517899 0.7427343
0.6504008 0.6657688 0.6918153 0.6903517 0.5543297 0.3935463 0.4671777 0.5932279 0.6945112 0.7439049 0.6862202 0.6595199 0.6963834 0.6356532 0.4430831 0.9930217 0.3150446 0.659436 0.960471 0.4443344 0.6606698 0.5491899 0.403238 0.6132985 0.6919376 -9999 -9999 0.5536826 0.5040549 0.5553976 0.5635521 0.3846922 0.2628862 0.5432066 0.7843878 0.6156142 0.6455104 0.4921759 0.7393647 0.9251694 0.7260802 0.4203864 0.6462757 0.6879712 0.4256664 0.2019657 0.4978296 0.6686469 0.6419815 0.4912942 0.474704 0.4446524 0.3299165 0.5903058 0.9885377 0.5685953 0.3711031 0.4790428 0.4688841 0.9562278
0.6177344 0.6877891 0.7049133 0.6696477 0.5643177 0.4149279 0.5240528 0.6549356 0.7228407 0.6824735 0.6335853 0.7066929 0.7135043 0.4873516 0.9280542 0.7121839 0.8206277 0.7012449 0.8292741 0.3204665 0.4504574 0.5573516 0.8220332 0.5924499 0.7611253 -9999 0.5707279 0.6236257 0.5698785 0.5585645 0.9049677 0.4381107 0.4122724 0.6575454 0.7271376 0.8166931 0.5595223 0.3253712 0.762702 -9999 0.5436959 0.5618601 0.8242502 0.5129247 0.6259243 0.5127666 0.4121183 0.4217126 0.3906208 0.4605843 0.2518861 0.3194751 0.4709125 0.3619904 0.3810432 0.4331791 0.4260831 0.2902408 0.5111044 0.7247208
0.5991069 0.7058896 0.6854846 0.6270051 0.5718464 0.4309401 0.5763597 0.6898172 0.6759117 0.6155041 0.678485 0.7414111 0.6454272 0.3512522 0.2557267 0.5258409 0.5475678 0.6200198 0.3114057 0.5172792 0.7015369 0.5347242 0.6823037 0.6441364 -9999 0.6068762 0.4232222 -9999 0.7660694 0.4765457 0.9681391 0.4721792 0.3081876 0.4445704 0.3570231 -9999 0.3386929 0.651916 0.8296517 0.6648132 0.6310049 0.4233191 0.6996252 0.5605817 0.573612 0.5201839 0.511678 0.4919484 0.4317662 0.3901925 0.4574109 0.4353848 0.4623405 0.4705101 0.4447507 0.4179736 0.3845353 0.5316927 0.7617697 0.8179507
0.6959823 0.6978933 0.6314937 0.5281155 0.5377895 0.4154462 0.629044 0.69525 0.5966787 0.6015791 0.6898979 0.5809569 0.3568495 0.6267943 0.5914524 0.521371 0.5748364 0.4071351 0.5413286 0.5224018 0.7854215 0.9740043 0.4959675 -9999 0.6650304 0.6682422 0.6711558 0.5401378 0.4622753 0.5327541 0.6170061 0.9088461 0.7989938 0.2146732 0.6229864 0.5916898 0.6587306 0.6432567 0.5124428 0.6629954 0.3004626 0.4960974 0.4931512 0.4669538 0.338874 0.3351213 0.5368618 0.5033507 0.4432346 0.4610313 0.4999928 0.5247587 0.4243759 0.4671378 0.4975014 0.3674787 0.4974038 0.8590624 -9999 0.4142622
0.7167788 0.6326088 0.500912 0.4183626 0.4632 0.4678047 0.656768 0.6269019 0.614404 0.6462789 0.5659996 0.3073375 0.4270532 0.6977299 0.8759598 0.37044 0.6183586 0.5728991 0.4083084 0.6536622 0.7112467 0.7130008 0.6043748 0.7038704 0.7175189 0.6301541 0.5635687 0.3567846 0.3987755 0.3811803 0.444904 0.5736184 0.5761309 0.7056707 0.3501144 0.8493696 0.6476596 0.7876317 0.5608694 0.5798926 0.5787197 0.7478563 0.4238924 0.4130908 0.2995609 0.3387938 0.5137548 0.651836 0.6467796 0.1762833 0.5092543 0.3530232 0.3856151 0.3695685 0.4499565 0.6201754 0.6851789 0.6070952 0.560613 0.3431246
0.6255985 0.4960115 0.3913032 0.4409958 0.492437 0.5539082 0.6090174 0.6298279 0.6993988 0.6391997 0.4174044 0.2649061 0.9176749 0.6653286 0.51512 0.3600486 0.5140926 0.6337402 0.5107041 -9999 0.2758444 0.5250995 0.3016001 0.2605284 0.3995834 0.4640996 0.4735687 0.3736339 0.3933125 0.2922721 0.2904701 0.4001103 0.6863291 -9999 0.5793922 0.2865958 0.4285313 0.5454922 0.6377853 -9999 0.3894343 0.1912416 0.3473805 0.3539268 0.2856359 0.3670435 0.5769268 -9999 0.5045891 0.3218864 0.4149732 0.3431252 0.3551035 0.3127027 0.3419741 0.4659869 0.6669873 0.454957 0.6553361 0.570971
0.5347441 0.3904407 0.4058625 0.5175683 0.5710764 0.5624595 0.6081077 0.7016774 0.6977308 0.5266024 0.290094 0.3840743 0.7641876 -9999 0.4870774 0.3028693 0.5774251 0.5103124 0.2940946 0.6919075 0.4972519 0.660383 0.7456962 0.5310572 0.5861015 0.6374692 0.4827951 0.3369417 0.4271461 0.4248773 0.308228 0.582649 0.8246022 -9999 -9999 0.3515057 0.601519 -9999 0.9972247 0.592845 0.4333704 0.2436746 0.4198839 0.3679861 0.3491395 0.3828606 0.5380319 0.9955461 -9999 0.2950721 0.2873226 0.3358276 0.4576391 0.2732032 0.3315645 0.3456599 0.3102382 0.4076948 0.4657907 0.577077
0.5624272 0.3887835 0.4574984 0.5647511 0.5271509 0.5193416 0.5808816 0.6026223 0.5091558 0.4850182 0.7068159 0.4355314 0.5448394 -9999 -9999 0.4871129 0.7940843 0.3364858 0.52099 0.4339511 0.4866904 0.4371544 0.4903665 0.5337609 0.6812297 0.8181832 0.2837468 0.4620447 0.4525868 0.4517097 0.2561072 0.3647682 0.5003566 0.8067103 0.6067991 0.5620393 0.5279356 0.9844278 0.6796 0.849054 0.8731694 0.3673252 0.3265779 0.3881964 0.4401631 0.4784187 0.5148422 0.9865611 0.6561079 0.3626255 0.3463813 0.301153 0.357752 0.3138447 0.3947028 0.3063557 0.2798699 0.2934665 0.3860076 0.5176889
0.6177903 0.3348088 0.4642313 0.5829108 0.4427637 0.5155746 0.4374224 0.8734131 0.5797023 0.7485173 0.7643918 0.81599 0.5749797 0.818096 -9999 0.4709943 0.3637387 0.4983856 0.5460545 0.5841771 0.4888239 0.4993396 0.4847551 0.6000534 0.7909318 0.4118614 0.6338915 0.3396485 0.3272815 0.3616207 0.3954739 0.4544579 0.4860992 0.7377945 0.8231292 0.4575304 0.4731087 0.588047 0.5554355 0.6936858 0.6987773 0.440732 0.3252996 0.5635027 0.5448634 0.5245174 0.6898597 -9999 -9999 0.3310002 0.3922767 0.4009807 0.3993795 0.4468208 0.5416276 0.6927435 0.4883382 0.4159323 0.4733171 0.4132785
0.4745547 0.3141575 0.5325858 0.5202309 0.4560273 0.5174651 0.4191136 0.6373054 0.7251389 0.5336072 0.7259116 0.6305289 0.4014824 0.8830542 -9999 0.2634075 0.5139756 0.5229209 0.4711163 0.4407933 0.5040603 0.460632 0.5728421 0.6593769 0.6795655 0.7760221 0.695307 0.6006572 0.6321529 0.3339362 0.3831778 0.4670387 0.4665318 0.7576277 0.6785723 0.430758 0.3585469 0.3590469 0.3213475 0.4458871 0.4588488 0.3801289 0.6364236 0.2990414 0.4147262 0.4755737 0.6420623 0.8300306 0.6266264 0.7216219 0.4729647 0.487275 0.3518085 0.4943696 0.5408107 -9999 0.7662926 0.2143699 0.3240584 0.4594285
0.3726886 0.4524979 0.558843 0.4771883 0.4696071 0.3705518 0.7169662 0.6602609 0.6534646 0.590776 0.8219652 0.7982836 0.8949212 0.6461806 0.2706145 0.4250366 0.4581957 0.4087355 0.2946226 0.4199653 0.4586334 0.4468776 0.4709316 0.7219385 0.5581636 0.3666896 -9999 0.442635 0.3247306 0.4577908 0.7306496 0.6996673 0.6440682 0.6412596 0.4359949 0.353128 0.3780826 0.3776495 0.3590356 0.3933831 0.3373777 0.2733511 0.6161732 0.2981956 0.510358 0.5027934 0.5591052 0.4279987 0.5357786 0.6410757 0.5987557 0.4500021 0.4905827 0.53086 0.5636178 0.9339489 -9999 0.2706578 0.5207512 0.4232878
0.4616794 0.5283693 0.5248141 0.4696457 0.3744589 0.4004139 0.4759389 0.4858818 0.942076 0.6607109 0.6853872 0.5756529 0.6184203 0.2139926 0.4240215 0.3798291 0.3676458 0.3267776 0.3583988 0.4889096 0.6235175 0.618094 0.4705444 0.5888645 0.4007958 0.5523283 0.6367868 0.7268568 0.5420103 0.5989637 0.3916451 0.2905163 0.4962615 0.3564477 0.4422018 0.4299969 0.4346348 0.5180364 0.4288876 0.5388325 0.51106 0.3951056 0.5958322 0.1914058 0.6579393 0.3251261 0.5918194 0.4512122 0.5640886 0.4743406 0.4044105 0.4415945 0.4155687 0.4446968 0.4294848 0.8181643 -9999 0.3672222 0.3573646 0.3506507
0.554334 0.556475 0.4851374 0.3562032 0.4866641 0.3770938 0.501824 0.8595846 -9999 0.5694537 0.4074795 0.5779354 0.1645082 0.4132282 0.3267962 0.3704549 0.3286161 0.3174426 0.3516169 0.6073576 0.6414018 0.3743006 0.3375673 0.5283325 0.6701618 0.4458402 0.3809752 0.4198376 0.5501352 0.5860668 0.9995004 0.3773998 0.3448018 0.4575501 0.4862733 0.4801755 0.4253586 0.4001503 0.6331138 0.8577487 0.8136944 0.2619796 0.656929 0.4200939 0.5985193 0.6525439 0.626764 0.4472422 0.4961876 0.588527 0.3319122 0.3715322 0.3824916 0.400688 0.3712923 0.3736653 0.8523088 0.4132478 0.4841904 0.3280724
0.6115005 0.5828775 0.3824733 0.4114837 0.5618635 0.3584636 0.4449073 0.7961459 0.5364296 0.5716651 0.6286545 0.3423254 0.4892755 0.2909253 0.3515901 0.32595 0.3432959 0.3653696 0.3485184 0.5588663 0.7167879 0.4789767 0.4089639 0.3995537 0.4632869 0.4623089 0.4504179 0.3951932 0.4420401 0.4439031 0.7846029 0.5301045 0.2757281 0.4276027 0.3323639 0.3960081 0.4725136 0.7463786 -9999 0.3820161 0.3802885 0.4411219 0.6178732 0.3683662 0.467254 0.6181626 0.6291631 0.6218346 0.4774564 0.633067 0.2672321 0.7010949 0.3279801 0.342132 0.5222782 0.4781208 0.5004687 0.3417471 0.3324578 0.3681339
