sample datas/auxilary.asc
ncols         85
nrows         85
xllcorner     614615.194
yllcorner     4299465.22
cellsize      90
NODATA_value  -9999
[rows 27 to 53 of 85, columns 0 to 59 of 85]
0.6352198 0.5716689 0.3065557 0.4377396 0.6378184 0.8515275 0.6141419 0.3665227 0.5141677 0.4448211 0.7988451 0.3438381 0.7094415 0.5266604 0.415895 0.363683 0.416445 0.3690069 0.3425771 0.4338573 0.4683239 0.666618 0.5674468 0.4232267 0.3520426 0.4097345 0.411812 0.4246452 0.433424 0.5096443 0.5700789 0.9209754 0.3928113 0.5788605 0.4912773 0.6199645 0.7074281 0.4425799 0.6712303 0.6100667 0.5477546 0.4516704 0.5029607 0.4392624 0.2881733 0.351875 0.5657884 0.2456913 0.3547077 0.8562565 -9999 0.3522961 0.3813038 0.4640633 0.6538275 0.3574479 0.2835322 0.4423938 0.3835664 0.4666823
0.6436432 0.5165295 0.2828377 0.4656801 0.4720855 0.6263164 0.3747228 0.3250226 0.3221338 0.3777443 0.9303515 0.5307669 0.3944539 0.251993 0.3177544 0.3656219 0.2984605 0.3905265 0.3175297 0.3227079 0.3249494 0.3545484 0.3688778 0.4531863 0.4242172 0.4284375 0.4280812 0.4062091 0.3955942 0.3160998 0.3942738 0.6409131 0.8904867 0.5662591 0.3898896 0.509403 0.5920822 0.7997897 0.682776 0.7055152 0.4130324 0.2880365 0.5528885 0.573558 0.5692493 0.5119987 0.4710914 0.3839354 0.570609 0.7521559 0.4570835 0.35556 0.3370177 0.3443374 0.5454919 0.5092307 0.626482 0.2643659 0.5185571 0.7353631
0.6644838 0.5065383 0.8153477 0.333879 0.3071081 0.3667547 0.3250133 0.3032534 0.3910432 0.2897813 0.6150449 0.8991123 0.7445132 0.6263034 0.3767572 0.5125263 0.9667154 0.4818095 0.5304403 0.5323801 0.4008775 0.3999944 0.2433702 0.4461783 0.4940044 0.5524778 0.392685 0.3500114 0.4375042 0.4668187 0.4489114 0.3761861 0.9253212 0.5078064 0.5119699 0.4012083 0.2083113 0.4205728 0.4940905 0.5874687 0.5055255 0.4587135 0.3895921 0.4360078 0.5614833 0.4627515 0.5218496 0.649479 0.2245622 0.5512801 0.8143361 0.4497593 0.376898 0.3632971 0.4591913 0.3991677 0.3261114 0.504504 0.453431 -9999
0.7024689 0.5741939 0.3740658 0.4034875 0.4722082 0.3337684 0.3533683 0.4282849 0.3455203 0.412992 0.376479 0.4645471 0.4075398 0.3684667 0.4721083 0.9205033 0.9267468 0.4630531 0.4860794 0.2715756 0.2181961 0.3421885 0.4076174 0.3916658 0.2892688 0.4644116 0.4075741 0.4191155 0.3930473 0.4075873 0.430803 0.5001317 0.6928461 0.9114629 -9999 0.4507709 0.326826 0.5354834 0.5655037 0.5303498 0.4370067 0.4281815 0.4232473 0.5102967 0.5338829 0.4288832 0.6867571 0.7508307 0.226676 0.3877053 0.5810432 0.492084 0.3369143 0.359877 0.3856332 0.1828006 0.5311801 0.5913308 0.3583599 0.5268617
0.7271873 0.7382092 0.4908426 0.3148953 0.3189287 0.4492868 0.6119158 0.275309 0.4150537 0.2903427 0.3824565 0.3839896 0.392622 0.3578903 0.4314184 0.5958608 0.6827265 0.8833924 0.8022638 0.5197091 0.2745767 0.4007262 0.6776608 0.4822993 0.5351029 0.4932202 0.3961619 0.3933067 0.4494903 0.3800973 0.3896182 0.3121602 0.5225207 0.6199083 0.7354793 0.9472505 0.4176875 0.229043 0.5648382 0.5422093 0.5025856 0.420214 0.520362 0.3092116 0.3157513 0.4117443 0.469629 0.529963 0.4328818 0.3421063 0.4344543 0.55468 0.4376539 0.3171787 0.3781227 0.1548579 0.6304458 0.6074728 0.215503 0.5831899
0.683022 0.657915 0.8584356 0.5730362 0.3570267 0.6002042 0.896099 0.3939923 0.5576103 0.4552039 0.4090206 0.509293 0.4193999 0.3210898 0.4880356 0.2693358 0.2983274 0.4017109 0.4775076 0.391662 0.4531129 0.3408489 0.8488729 0.607092 0.6550558 0.3120013 0.3952613 0.5298424 0.3151044 0.3396408 0.488186 0.3643505 0.5083425 0.8935039 0.2907652 0.5440195 0.6227385 0.5423273 0.5378552 0.5739946 0.4453637 0.5051212 0.5410534 0.5172374 0.4532734 0.422922 0.4201418 0.3221271 0.32827 0.333793 0.3416033 0.4564612 0.4399077 0.2847238 0.2593377 0.2109463 0.5748546 0.6532413 0.3907859 0.2533047
0.6228196 0.4830022 0.3812656 0.3069377 0.5815529 0.8386818 0.3924629 0.748023 0.3910606 0.4657941 0.5435017 0.6703679 0.4591895 0.3952184 0.4712564 0.3921588 0.296216 0.3082338 0.401419 0.4124131 0.3568306 0.4202647 0.4675892 0.7548183 -9999 0.6420022 0.4072058 0.3773811 0.5978189 0.224379 0.3624391 0.3094396 0.6143936 -9999 0.5492444 0.353412 0.1676294 0.4065707 0.4467918 0.4977726 0.4485397 0.4275665 0.3838966 0.3776858 0.3910732 0.3869043 0.4370973 0.3530293 0.3311718 0.3618765 0.4091442 0.4174357 0.3566318 0.2555481 0.1725319 0.2830285 0.4077915 0.49208 0.443184 0.4237761
0.3574869 0.7541124 0.2916282 0.5925018 0.3978516 0.6936873 0.8926439 0.4262644 0.763644 0.2173089 0.424261 0.6240501 0.4925645 0.4422391 0.6320295 0.4972733 0.4121477 0.3824126 0.4577968 0.4819313 0.2959221 0.3842121 0.3276471 0.3981069 0.7085104 0.8693787 0.9817674 0.9633986 0.3553142 0.2088747 0.2604131 0.3174496 0.4951464 0.8872388 -9999 0.3511825 0.2987621 0.3654231 0.5452786 0.5597404 0.432452 0.4542115 0.4368309 0.4467628 0.3394685 0.3378792 0.2821307 0.3150893 0.3442484 0.3212919 0.1860456 0.3633755 0.3617393 0.3204864 0.3909095 0.4664372 0.2368243 0.525755 0.5166926 0.2892632
0.4404315 0.7025959 0.5057701 0.4666908 0.5446739 0.6365936 0.5789837 0.5271625 0.3743888 0.4513485 0.4802209 0.3567924 0.2222063 0.5356454 0.4969887 0.5020498 0.4223657 0.4974188 0.4804255 0.4691489 0.3916034 0.494144 0.4986905 0.3426293 0.4193281 0.4182211 0.3862059 0.5112702 0.4900943 0.274501 0.4609571 0.3815698 0.5107731 0.5982693 0.9321703 0.2858007 0.4453767 0.4774485 0.4032822 0.4967432 0.5334825 0.5380206 0.4657825 0.5178037 0.3970167 0.3376847 0.4637723 0.3381281 0.3122354 0.361013 0.2715915 0.2847374 0.3546382 0.1112868 0.3772993 0.3550052 0.3122248 0.975099 -9999 0.5298337
0.3548265 0.5234373 0.3297637 0.60869 0.6379673 0.3946188 0.3909815 0.4044996 0.3747106 0.572007 0.5059282 0.3635278 0.3864062 0.4203342 0.4036034 0.4071448 0.3439887 0.4554493 0.493314 0.4411414 0.4823417 0.4330028 0.4574241 0.4109908 0.296773 0.4240248 0.4555116 0.4119921 0.4076537 0.4326837 0.5769308 0.2523333 0.3625979 0.4768588 0.5644391 0.4527898 0.3127014 0.4836321 0.5225552 0.4068576 0.4368986 0.4188163 0.3707907 0.3441056 0.3651015 0.4032777 0.4440074 0.4890324 0.413425 0.3819499 0.3718808 0.4451107 0.4630205 0.362756 0.4041224 0.4416407 0.2426307 0.8013234 -9999 0.5340839
0.3477989 0.4317258 0.4444964 0.5177749 0.5214311 0.5179178 0.4254546 0.4281032 0.4735214 0.4470598 0.4397866 0.5039618 0.4390259 0.3248871 0.4070535 0.4008809 0.4170367 0.2541275 0.2434961 0.4081337 0.4015606 0.4363581 0.3630832 0.4231043 0.4425531 0.432366 0.4867016 0.4318714 0.3485624 0.447532 0.552777 0.4736474 0.3884126 0.5010608 0.531306 0.3941772 0.3606344 0.3650043 0.4721772 0.3309504 0.3832144 0.3860379 0.4689564 0.4300672 0.2940257 0.3442042 0.4061518 0.6939293 0.9796889 0.2352458 0.4423884 0.3753087 0.4561578 0.414372 0.5483007 0.4997778 0.3846283 0.7895707 -9999 0.3640518
0.3719595 0.4107992 0.3339014 0.2924896 0.3363693 0.4074634 0.3728562 0.4917506 0.4071845 0.4644855 0.4995095 0.5152994 0.4630736 0.5316907 0.4774127 0.4685466 0.4547516 0.445234 0.4695904 0.4361446 0.2705021 0.2797454 0.3916616 0.4214098 0.4304976 0.4346311 0.412399 0.3490759 0.47466 0.4042113 0.4954601 0.4410673 0.494855 0.5567753 0.5800563 0.355532 0.4454793 0.5493982 0.5510556 0.6474581 0.3912197 0.5528005 0.5566277 0.4809511 0.4237924 0.407141 0.5640481 0.8115457 -9999 0.506479 0.365624 0.2928099 0.4052864 0.4612196 0.4593241 0.4963919 0.3038152 0.7028793 0.7578326 0.4480974
0.4810857 0.3969661 0.3440806 0.5060753 0.3544269 0.3636155 0.4257562 0.4972432 0.4817352 0.4190845 0.4582575 0.4042883 0.4286731 0.4522103 0.5517077 0.4993361 0.4589026 0.5099055 0.5149531 0.4788188 0.3275524 0.39221 0.361944 0.2053636 0.4520376 0.4417242 0.3520254 0.2978848 0.2428793 0.3555315 0.4156305 0.4154544 0.4239452 0.5320787 0.6149424 0.3094804 0.5417757 0.6628192 0.7663752 0.7288805 0.5630346 0.5703955 0.6559663 0.4846241 0.6455256 0.737492 0.6955174 0.4286074 0.8155438 0.6374702 0.3576613 0.4138496 0.4750787 0.4262584 0.4696729 0.445257 0.4309708 0.4786916 0.4879409 0.2178766
0.6458588 0.4024716 0.4808242 0.7309452 0.3553565 0.5245046 0.4023739 0.4150421 0.3980329 0.5155496 0.5292911 0.6612207 0.7175006 0.5737311 0.4150856 0.4311813 0.3850652 0.4605459 0.4774966 0.3848379 0.4438838 0.3428152 0.3764139 0.4532684 0.4564203 0.4821297 0.2959194 0.2099062 0.3951263 0.3783491 0.3585708 0.33144 0.4475453 0.3850305 0.4416443 0.4029014 0.5314555 0.6706731 0.7621399 0.4083512 0.6289321 0.4195087 0.5059645 0.5312424 0.557157 0.8452 0.4295422 0.7348943 0.7279734 0.7422152 0.6459896 0.4152662 0.4349565 0.4434319 0.3478433 0.4767269 0.437718 0.4431332 0.4084732 0.5166676
0.5038059 0.4844054 0.5264623 0.5273706 0.655259 0.8515546 0.2411207 0.389376 0.4371689 0.5181935 0.56775 0.5851716 0.9430094 0.5528748 0.2652287 0.302736 0.4416203 0.4174381 0.3942513 0.2343573 0.2929305 0.3549236 0.3673451 0.3760899 0.306696 0.4282079 0.455134 0.4317957 0.3688947 0.2049748 0.4207995 0.3998289 0.4684931 0.3969981 0.4748204 0.3429813 0.4275352 0.5225081 0.4686164 0.4994893 0.5626764 0.5325127 0.4383819 0.3771282 0.5326246 0.5942436 0.5045452 0.5806152 0.5212442 0.7081496 0.4066403 0.6894034 0.5895914 0.5090756 0.5705922 0.5218564 0.3631268 0.4469338 0.509132 0.473585
0.4185305 0.5152466 0.4240876 0.4079912 0.674723 0.960367 0.4319587 0.2574878 0.4248928 0.5395615 0.4343909 0.5511734 0.6853592 -9999 0.3848778 0.1735802 0.382319 0.3346235 0.3939515 0.3488258 0.3566084 0.452091 0.2800629 0.3979319 0.2659377 0.3546616 0.2155326 0.2572302 0.3295163 0.4592424 0.5501993 0.3122931 0.2826595 0.4324736 0.4555565 0.4972905 0.5021578 0.5701817 0.4434469 0.3797903 0.4625994 0.432966 0.8236629 0.1685315 0.3267878 0.3420984 0.4468302 0.4536376 0.5465138 0.7948874 0.4236674 0.2586112 0.6545156 0.5483631 0.4648209 0.3763226 0.4947894 0.4690571 0.6057964 0.3095595
0.4230168 0.5513952 0.5262575 0.430407 0.556736 0.8954631 0.8319342 0.2809381 0.435085 0.5207546 0.493438 0.4521013 0.4631612 0.6259164 0.9323802 0.4232077 0.3811406 0.3843678 0.3719501 0.3764559 0.4215215 0.3864171 0.2751094 0.3184212 0.3262748 0.3501051 0.2928623 0.2961013 0.2677662 0.4649366 0.5055095 0.3319595 0.3238185 0.3740816 0.3651531 0.2438277 0.7170039 0.7720929 0.2694824 0.3524567 0.4723684 0.5474855 0.7677183 0.2714748 0.4264776 0.3604629 0.4377538 0.3996934 0.5235116 0.9722185 0.4356374 0.6548154 0.2830525 0.4571594 0.6599969 0.5178406 0.7011905 0.5186706 0.4777249 0.3472849
0.474466 0.5191036 0.5031903 0.3822331 0.516542 0.5855448 0.705437 0.6101368 0.3601448 0.4222822 0.3877803 0.4970315 0.3478442 0.3908148 0.3989804 0.3375396 0.3533767 0.3827164 0.3780069 0.4405715 0.3589835 0.3360722 0.3664816 0.292614 0.3803839 0.3317365 0.2929224 0.3372178 0.2655129 0.3542711 0.4285295 0.380002 0.3630586 0.370371 0.3836452 0.4258489 0.6315706 0.521225 0.2567256 0.4669397 0.4711034 0.3375568 0.5838695 0.6921702 0.311138 0.4987724 0.6980828 0.2579457 0.4446185 0.7294564 0.7092888 0.3741916 0.4842581 0.3690123 0.5732217 0.467976 0.7660931 0.2340841 0.4158933 0.349198
0.5414039 0.4799469 0.4580668 0.5174428 0.4907938 0.5055001 0.5474309 0.4584244 0.5233284 0.4539833 0.383608 0.3771788 0.2865279 0.3372943 0.3201649 0.3719193 0.301659 0.4232861 0.3753956 0.3253233 0.365215 0.4040113 0.4662072 0.2797116 0.4128815 0.4479443 0.3088355 0.4383344 0.443358 0.4122747 0.3875155 0.3885328 0.4337451 0.4220014 0.3621131 0.3511907 0.425502 0.6149243 0.6905037 0.4325634 0.2722082 0.3277282 0.4969858 0.8989065 0.3060977 0.274799 0.5820022 0.2419154 0.2264097 0.5442222 0.7448742 0.3511683 0.2110314 0.3941101 0.5225616 0.3032736 0.5152547 0.5656219 0.7435428 0.4119269
0.456579 0.6274094 0.4393615 0.4401692 0.3669243 0.4473838 0.4699588 0.5860706 0.5388946 0.3588991 0.2069053 0.3350636 0.3293285 0.4202536 0.2800952 0.3464479 0.5077142 0.6096625 0.5038592 0.4125817 0.3400716 0.2811185 0.2649957 0.405377 0.3969777 0.5749013 0.3087012 0.6460474 0.2145872 0.4006596 0.3772006 0.3071089 0.3461437 0.572319 0.3010668 0.496585 0.3305622 0.4976262 0.5668156 0.386919 0.6293783 0.5799273 0.5282128 0.3618202 0.5890091 0.3465919 0.4346063 0.4619616 0.4090098 0.5465295 0.6246831 0.6470781 0.3618721 0.3827642 0.2369342 0.4969509 0.5558566 0.2397274 0.9238805 0.3996556
0.340652 0.3871693 0.5026351 0.4239436 0.3901767 0.423449 0.5977862 0.7501338 0.3473274 0.2441995 0.3784543 0.41031 0.3470244 0.467215 0.2629173 0.4242928 0.3730477 0.3809544 0.3996895 0.2617645 0.3832563 0.411953 0.7934837 0.6571631 0.3638301 0.5646433 0.1861976 0.7114589 0.2645693 0.3930221 0.4105369 0.3950784 0.5507847 -9999 0.4538428 0.3801144 0.3434879 0.3747154 0.5056285 0.3630662 0.4472165 0.4944752 0.5365443 0.5526767 0.5182769 0.3368508 0.225097 0.4208956 0.5419467 0.635233 0.2454641 0.6876954 0.7561182 0.4671763 0.1945579 0.4418959 0.4748813 0.4678307 0.8288607 0.7969542
0.2172506 0.3794007 0.4572747 0.5906166 0.3466822 0.5560353 0.6437738 0.3275324 0.3622153 0.3808416 0.6291255 0.25598 0.3694767 0.3759024 0.3598789 0.516928 0.9271148 0.6109458 0.4920139 0.2401323 0.480587 0.7450578 0.5308498 0.3872221 0.2061658 0.7517053 0.4328232 0.6261778 0.2255188 0.3220168 0.3340724 0.3638078 0.520592 -9999 0.3342615 0.4983732 0.4231376 0.3808286 0.8417479 0.2761853 0.5031153 0.3972175 0.4055488 0.4220189 0.3733147 0.3823417 0.3691584 0.4204145 0.5539128 0.3346361 0.3237689 -9999 0.9852946 0.389312 0.2407035 0.5254973 0.370932 0.3140788 0.5983994 0.5038357
0.2980113 0.4154528 0.4141196 0.4011652 0.5115663 0.5471165 0.6064841 0.4110163 0.4016958 0.7554561 0.8259248 0.2764319 0.3468836 0.3576462 0.3516422 0.4514157 0.5268922 0.6081811 0.5962074 0.3999519 0.4455857 0.7500263 -9999 0.8288444 0.2333722 0.7237468 -9999 0.8071387 0.2908969 0.4581321 0.52802 0.5334922 0.6653885 0.8552738 0.5892978 0.3946554 0.4692965 0.3375612 0.9620413 0.4432046 0.3924742 0.5418445 0.4743592 0.3914158 0.4218835 0.3507453 0.3988932 0.3320943 0.4451413 0.5052743 0.4166124 0.5120627 0.6384475 0.5103105 0.2472671 0.3667947 0.4096222 0.3668315 0.5023313 0.6935825
0.4025766 0.3686307 0.2779528 0.404168 0.5129851 0.4676312 0.4155101 0.3759728 0.6057576 0.9628927 0.4775911 0.2488795 0.4038931 0.3411662 0.4784589 0.4877638 0.4560508 0.3762178 0.2896943 0.2645683 0.2833262 0.3891187 0.6366709 -9999 0.2485342 0.5182807 0.4520582 0.3980699 0.4432606 0.7056059 0.5075642 0.2811436 0.5420536 0.3253373 0.3722648 0.3583392 0.4771362 0.6422036 0.5369318 0.3400265 0.4624248 0.31871 0.4718879 0.4468796 0.424886 0.3953541 0.4003425 0.4245314 0.4459225 0.5303646 0.3608672 0.4316376 0.5633001 0.2953299 0.226057 0.267902 0.4516704 0.3782639 0.3414373 0.7465092
0.5966899 0.5021986 0.2636909 0.6107074 0.6629581 0.401214 0.3572631 0.2645372 0.3856688 0.4722174 0.5293385 0.3924796 0.3532234 0.3955363 0.3021753 0.4035898 0.3598346 0.3901954 0.3538151 0.2583375 0.2080199 0.4258761 0.6297933 0.5772185 0.4633958 0.3939081 0.2686643 0.2460636 0.4438441 0.8036038 0.4759085 0.4333659 0.4399334 0.3821054 0.4162494 0.478394 0.4587884 0.5256339 0.5642037 0.2847615 0.3979505 0.4735091 0.4661387 0.481967 0.5269052 0.4037614 0.3114704 0.4325255 0.393772 0.4579855 0.4602557 0.3814058 0.4473501 0.4610871 0.3957536 0.4083364 0.3791709 0.4235777 0.2660451 0.6081092
0.4322654 0.4951569 0.4025621 -9999 0.6370169 0.3007648 0.4566448 0.3125994 0.2921196 0.3496386 0.2879208 0.2822605 0.2592022 0.3450477 0.3836713 0.3620055 0.4275627 0.3806015 0.3393487 0.2852998 0.3119383 0.3361747 0.5662886 0.4877068 0.351152 0.4673343 0.3497439 0.3164586 0.3630132 0.6012119 0.3751471 0.3025983 0.4729136 0.3801509 0.4253642 0.4233256 0.4134258 0.472923 0.3988066 0.369353 0.6724927 0.8273722 0.1803415 0.4454573 0.3777616 0.3504211 0.4536303 0.5264251 0.4362741 0.4173276 0.4186996 0.4137584 0.3893626 0.4299273 0.4388092 0.3393759 0.3857117 0.5167364 0.4903687 0.5079029
0.428112 0.3780585 0.615204 0.8961353 0.3922922 0.5044015 0.4140448 0.5756919 0.4490834 0.4377483 0.4971216 0.2790734 0.339972 0.3361264 0.4707541 0.379703 0.3080554 0.347771 0.286401 0.2221191 0.413774 0.4797291 0.5344108 0.4910176 0.2459271 0.6402262 0.870116 0.5594438 0.5457774 0.4570585 0.3618243 0.4415577 0.9691082 0.8215945 0.3625548 0.332444 0.473917 0.3962268 0.3241493 0.5081063 0.3756863 0.4620213 0.1884354 0.3796078 0.329393 0.4275967 0.6444497 0.2290275 0.4943294 0.3774104 0.4845362 0.4127738 0.3743407 0.427338 0.3841983 0.3829604 0.4449708 0.4434518 0.4456449 0.4323555
