sample datas/auxilary.asc
ncols         85
nrows         85
xllcorner     614615.194
yllcorner     4299465.22
cellsize      90
NODATA_value  -9999
[rows 54 to 80 of 85, columns 0 to 59 of 85]
0.4804165 0.4247748 0.5050393 0.5283447 0.5560763 0.481925 0.3322427 0.4196797 0.4258866 0.7668492 0.2941449 0.3728262 0.2917779 0.3103002 0.3157114 0.348197 0.2497404 0.2373292 0.2462135 0.3981447 0.3965074 0.4264156 0.4454615 0.3969429 0.2210834 0.6134647 -9999 0.7133346 0.2792339 0.2027564 0.3209671 0.8062855 -9999 0.303948 0.4097464 0.398956 0.4508094 0.4154776 0.2779258 0.5697896 0.7348809 0.570311 0.3492937 0.3798409 0.337047 0.6396832 0.5255126 0.495772 0.4234099 0.3611286 0.5142785 0.3642922 0.3448439 0.4304524 0.3951901 0.4038032 0.4333233 0.4354845 0.4803811 0.38252
0.443631 0.4418542 0.3711122 0.3724891 0.4414123 0.3906314 0.5455877 0.4135489 0.7581941 -9999 0.2958987 0.3041387 0.2646013 0.2728463 0.2552752 0.253842 0.2355727 0.234867 0.3604196 0.5262719 0.4690358 0.5410908 0.48756 0.4535961 0.2938074 0.5126963 -9999 0.5143977 0.3425148 0.3786901 0.4079556 0.8661112 -9999 0.2608067 0.3687292 0.3950308 0.3980891 0.4337638 0.5197804 0.241568 0.3896066 0.2950848 0.3264937 0.2753175 0.4696776 0.7751442 0.3708073 0.384211 0.5925541 0.4871151 0.4320336 0.5327446 0.5015624 0.5066586 0.5478154 0.4223665 0.4182764 0.3971387 0.4902204 0.4349393
0.6458588 0.2358784 0.4017042 0.3457448 0.4136966 0.4278868 0.3015332 0.4175034 0.8776528 -9999 0.2691054 0.2886538 0.2155198 0.2349111 0.2781239 0.2540047 0.3050678 0.2960436 0.3615595 0.5535049 0.5051563 0.6220284 0.4966786 0.5747874 0.4120474 0.7597482 0.4875614 0.9440508 0.6444873 0.4830013 0.479527 0.7917679 0.8576691 0.261372 0.389162 0.4248906 0.4263561 0.4524913 0.5000553 0.5197271 0.4766859 0.3795957 0.4231115 0.4110092 0.5275955 0.7094425 0.3308892 0.5619681 0.7121382 0.3243037 0.3738329 0.3434988 0.253695 0.2269841 0.8778243 0.2896043 0.1437887 0.4088847 0.3979781 0.4103912
0.6056383 0.2578483 0.2899595 0.3231718 0.3201151 0.3917249 0.2787074 0.3680592 0.8546547 0.8376258 0.2557614 0.2426055 0.1230347 0.16804 0.2070285 0.2137747 0.2833087 0.355021 0.3456469 0.5322289 0.5680577 0.6406378 0.5399591 0.5446293 0.8878997 0.9791617 0.2823722 0.5608057 0.6095276 0.5443051 0.4835286 0.5518253 0.5711398 0.5137498 0.3937591 0.3743944 0.4449806 0.294268 0.295992 0.5249399 0.5457745 0.5260727 0.5392268 0.8291731 0.2891323 0.2733511 0.286653 0.4037358 0.5548707 0.6030596 0.7680045 0.8903397 0.5066833 0.5347726 0.9396799 0.4741549 0.1986716 0.3753007 0.4078746 0.4713083
0.5446659 0.5048249 0.4440321 0.2611574 0.2836912 0.2285922 0.1490276 0.2397929 0.3893894 0.3852319 0.2377439 0.3267322 0.2940891 0.247237 0.3386721 0.2822971 0.2533604 0.418452 0.4417748 0.4116665 0.3751454 0.4787858 0.5016004 0.5328516 0.997796 -9999 0.3605283 0.5384427 0.5375302 0.4551891 0.4273071 0.4090852 0.3214352 0.4257288 0.4369827 0.4081541 0.4289545 0.429065 0.7690384 -9999 0.3308772 0.7498914 0.8467113 0.5017405 0.3797838 0.2173213 0.2815511 0.3929701 0.4669521 0.349065 0.4492421 0.5707403 0.194519 0.6362535 -9999 0.5266822 0.2628271 0.294725 0.366942 0.3990548
0.8611205 0.3235489 0.3390246 0.3023109 0.3303936 0.3444504 0.1306765 0.2136367 0.1338548 0.279428 0.2950569 0.3469197 0.2576677 0.3582455 0.3122759 0.4151329 0.2972055 0.4204961 0.4917377 0.2743101 0.3759064 0.3850996 0.4574148 0.6911467 0.8967834 0.7009492 0.5127117 0.3628495 0.3932712 0.4493297 0.4409312 0.3678059 0.3510885 0.5320104 0.4527416 0.375652 0.4550081 0.6222334 0.9022244 -9999 0.3350959 0.7210292 0.470181 0.4002402 0.7987065 0.4509299 0.3723798 0.3477972 0.4129319 0.4519804 0.4334883 0.5522735 0.4347022 0.578077 -9999 0.6972529 0.2874999 0.2369077 0.4325227 0.7130311
0.508379 0.4512351 0.3578526 0.2708998 0.1921992 0.2387208 0.2671593 0.2507622 0.2535988 0.3560493 0.4074705 0.3459721 0.3403543 0.3911749 0.4524241 0.3751957 0.4259554 0.5034872 0.8047063 0.5650713 0.2658345 0.3161094 0.4176345 0.4336891 0.7941495 0.4332128 0.3452183 0.2738546 0.3674616 0.4220056 0.4285816 0.2276255 0.2969809 0.3930497 0.3908742 0.5892725 0.3828472 0.5668094 0.7531981 0.8798353 0.6004871 0.4494831 0.4252925 0.3263646 0.4167851 0.4516108 0.4107983 0.4657176 0.4262592 0.5045485 0.5146997 0.5721615 0.5165862 0.4013635 0.4984197 0.408823 0.2682244 0.3762718 0.391733 0.8741529
0.3222321 0.2947686 0.3329159 0.3389818 0.2664045 0.2917656 0.2684902 0.2881075 0.3264295 0.420268 0.4009423 0.3268147 0.4784553 0.5932175 0.8956032 0.1947021 0.4095108 0.3463604 0.624549 0.2160245 0.3724895 0.3676271 0.3987465 0.5133436 0.5592162 0.3852577 0.4492834 0.3899999 0.3064354 0.4554189 0.5689 0.4617574 0.4470439 0.4428562 0.3040212 0.4032516 0.3351521 0.3645895 0.5907296 0.310766 0.9523083 0.4685534 0.3602444 0.5540585 0.5916076 0.4180086 0.3703413 0.5934071 0.2972559 0.3862138 0.4215742 0.4625884 0.382271 0.4516864 0.3842894 0.4804321 0.4098316 0.3624569 0.6337996 0.5114669
0.4976274 0.4201592 0.4348328 0.2794916 0.401803 0.2935912 0.4065436 0.5496802 0.3452809 0.3369026 0.3965311 0.473679 0.6639841 0.6608064 0.3125414 0.2510673 0.3764096 0.4197868 0.4517917 0.3751518 0.4601352 0.5050558 0.449117 0.4706171 0.4191291 0.2979869 0.4687634 0.4722668 0.4642027 0.5915405 0.8151267 0.4908536 0.1556721 0.3005378 0.3582254 0.4428889 0.3331206 0.4242082 0.5564672 0.8224103 -9999 0.4552378 0.4781839 0.3306982 0.1949039 0.3410171 0.3638387 0.4352288 0.4752707 0.5270102 0.434268 0.5522072 0.2416459 0.3204626 0.3684461 0.3018181 0.3889865 0.3977011 0.637408 0.4309845
0.4597445 0.4346835 0.3849463 0.4634158 0.4500852 0.4735545 0.4892933 0.464577 0.3456424 0.4505181 0.4887072 0.3200508 0.6663768 0.7467099 0.2420452 0.414336 0.4002605 0.4854181 0.4225276 0.3438493 0.4242995 0.502183 0.4951734 0.5209095 0.4794341 0.5109069 0.5274518 0.4449888 0.5178282 0.6841149 0.6185719 0.3485359 0.4309878 0.4287151 0.437379 0.3926276 0.3812143 0.405461 0.459208 0.9031256 0.4027058 0.5007398 0.5789014 0.3377268 0.2634665 0.2884938 0.3378883 0.2867796 0.4096957 0.5358664 0.6342449 0.8317327 0.249843 0.4783654 0.5113873 0.3194238 0.3788171 0.5291694 0.5762524 0.5251902
0.4806146 0.4173234 0.4666765 0.4905131 0.5136226 0.4589705 0.4898841 0.557053 0.6212758 0.4993021 0.5768492 0.5555111 0.3584759 0.4884771 0.7172318 0.6862591 0.7268956 0.5289367 0.4226612 0.3155994 0.4332424 0.3955195 0.4942276 0.5300692 0.3851959 0.4862361 0.4259211 0.5107059 0.6590084 -9999 0.5688015 0.2706374 0.3014056 0.4167325 0.4800282 0.3663914 0.2006213 0.3605531 0.8022285 0.3230058 -9999 0.6540372 0.4767414 0.2578551 0.4636994 0.4239865 0.460958 0.4105205 0.6126894 0.5736619 0.4916209 0.9574179 0.3512008 0.3252948 0.3039279 0.293555 0.4496385 0.4447362 0.4328894 0.6067861
0.3593413 0.423222 0.3678519 0.4038817 0.4910692 0.4896005 0.4550594 0.4477071 0.4978129 0.4554627 0.3766009 0.3700763 0.5130892 0.4503637 0.9601668 0.5599117 0.3930719 0.2501378 0.4383525 0.5311768 0.5139465 0.4873238 0.5507933 0.4588488 0.257224 0.4579725 0.4350203 0.5180781 0.5578074 0.9374376 0.555203 0.2977871 0.4555511 0.4526528 0.4216824 0.6596044 0.4540153 0.833806 -9999 0.2526277 0.4424136 0.9102364 0.4256535 0.2003414 0.4045241 0.5012223 0.4029921 0.3511401 0.5134758 0.6587076 0.6608551 -9999 0.4995614 0.421422 0.3781218 0.2340597 0.4568231 0.3940026 0.3534181 0.4941662
0.5090478 0.4428377 0.5406952 0.5582459 0.479508 0.3646675 0.4764621 0.4628853 0.4070877 0.4775607 0.4885958 0.4014783 0.3229404 0.4813412 0.6497111 0.9726322 -9999 0.3477866 0.5990884 0.6576635 0.4248761 0.3275748 0.2951245 0.4742234 0.6461869 0.4924988 0.488964 0.4342467 0.4777695 0.5857484 0.4092223 0.5456228 0.4647546 0.4966478 0.2476391 0.472939 0.7971284 0.4851308 0.2640966 0.5282196 0.4939979 0.7031003 0.8365805 0.3654825 0.5115197 0.4319978 0.4213092 0.425615 0.4522354 0.4675515 0.8351766 0.6421975 0.5479264 0.3500638 0.3451582 0.3439704 0.5290355 0.4901058 0.3109899 0.4530867
0.3254362 0.2973041 0.3909688 0.5028803 0.5118702 0.472715 0.4789984 0.5401308 0.4114269 0.4350996 0.4328267 0.4507572 0.3305689 0.350916 0.4145463 0.5240942 0.5132393 0.6220232 0.613808 -9999 0.8680217 0.3922075 0.3475899 0.6094054 0.2785467 0.4663026 0.6054729 0.7026364 0.7337831 0.8579 0.2968158 0.3881779 0.6105742 0.5036422 0.4789774 0.486979 -9999 0.4044663 0.1984944 0.5447448 0.4498197 0.5391995 0.4754291 0.5984725 0.4588304 0.4334235 0.3261449 0.5310394 0.4929097 0.3628532 0.485776 0.6611916 0.4344501 0.3052108 0.4762801 0.3796528 0.4623 0.3243928 0.2195163 0.8931947
0.9857838 0.3070828 0.3437004 0.3964795 0.4169901 0.4253574 0.5429183 0.567122 0.4739369 0.4366449 0.3977317 0.501685 0.2484099 0.3674098 0.4099599 0.2859219 0.4515809 0.4105555 0.4083948 0.4347928 0.7942587 0.942639 0.8349566 -9999 0.5408748 0.6467403 0.8144569 0.4613521 0.4342685 0.4461189 0.5101982 0.4201509 0.4207645 0.243825 0.497204 0.4110918 0.9740919 0.3669989 0.5956479 0.504621 0.5093479 0.442396 0.4515409 0.5656624 0.355006 0.4580157 0.3881402 0.508606 0.8220379 0.4695136 0.3572066 0.3594083 0.4186732 0.5393556 0.4938136 0.5299674 0.4416085 0.3272835 0.4072057 0.7995088
-9999 0.6977549 0.2451738 0.2191561 0.3603496 0.480122 0.5156892 0.53952 0.256066 0.4227362 0.4941893 0.6078222 0.5371214 0.4772156 0.446677 0.4954404 0.4929526 0.3835036 0.5361706 0.4199381 0.3837048 0.5652855 0.5348942 0.5147693 0.447612 0.7439486 0.9470009 0.3708766 -9999 0.5308722 0.5122573 0.5791504 0.5730391 0.3768128 0.3056608 0.9687757 -9999 0.2434145 0.4471842 0.4134263 0.4779838 0.2616329 0.4081225 0.4899332 0.4355985 0.4712427 0.3477726 0.4726001 -9999 0.6640635 0.5777438 0.3757595 0.4523595 0.5537707 0.8074751 0.3341281 0.3310708 0.2859885 0.3645492 0.4323412
0.5564275 -9999 0.4875888 0.3131439 0.5312342 0.381282 0.505142 0.5328198 0.5006471 0.4284255 0.4072919 0.5542974 0.4857096 0.3288761 0.455573 0.3668384 0.3971755 0.4105142 0.483052 0.6784134 0.4907414 0.58676 0.4397531 0.4439376 0.3305993 0.9470138 -9999 0.3837336 -9999 -9999 0.6098717 0.5552557 0.5266261 0.5115179 0.4514306 0.4531428 0.3179728 0.5067885 0.4795662 0.5466611 0.4513304 0.4966442 0.4980864 0.4907041 0.420604 0.5116245 0.3812902 0.6547737 0.616868 -9999 0.5810481 0.5690013 0.6618995 0.641836 0.5139938 0.5820304 0.4949996 0.3922985 0.3473655 0.4514512
0.228181 0.6015622 -9999 0.4531912 0.2466238 0.4884976 0.2620851 0.4100898 0.4898195 0.5585287 0.5233408 0.4371512 0.6018767 0.670291 0.3473815 0.366717 0.2829076 0.4727157 0.4445409 0.5191904 0.4042618 0.4268262 0.5290806 0.3093429 0.519217 0.7315817 0.7779697 0.2681704 0.5522141 0.868963 0.4148537 0.4361244 0.3992019 0.9725747 -9999 0.591262 0.480273 0.5517435 0.5348341 0.5274213 0.5321093 0.3858761 0.4763547 0.476327 0.3705927 0.4262306 0.6703393 0.505334 0.3893771 0.8093066 0.7446663 0.6476505 0.7848875 0.7746753 0.498216 0.4351374 0.3827615 0.6527454 0.4842513 0.4660105
0.4197032 0.3668622 0.6880592 0.8370644 0.3129961 0.6006695 0.3221892 0.3699552 0.4637679 0.7081136 0.2361643 0.485809 0.5975474 0.4580132 0.4919718 0.5023707 0.3526925 0.2972819 0.3713454 0.526572 0.5178769 0.3595675 0.6235937 0.4678012 0.6219761 0.4947444 0.3086448 0.5761265 0.6209148 0.7164112 0.6793436 0.6532823 0.3244943 0.5794681 0.7953588 0.9254494 0.5772028 0.412695 0.4800413 0.4256091 0.4226334 0.3565069 0.4308308 0.4680569 0.38597 0.5070676 0.6421232 0.7480638 0.4223401 0.3954091 0.7294537 0.759275 0.6494637 0.7807688 0.888536 0.6885988 0.4217443 -9999 -9999 0.5614018
0.5326177 0.4790405 0.5559133 0.6149485 0.8131979 0.6973049 0.2263503 0.3941942 0.5620112 0.4761035 0.5394107 0.5601473 0.469359 0.4978459 0.5891032 0.5466012 0.498039 0.3226361 0.5374142 0.70492 0.5856202 0.3497025 0.5340264 0.5260008 0.6084455 -9999 0.3355474 0.191242 0.5114118 0.4328942 0.5034354 0.2780493 0.5450948 0.4136471 0.5953884 0.5952831 0.4642742 0.5826157 0.5214682 0.349447 0.4637196 0.2573095 0.5865527 0.4034688 0.3244874 0.3423333 0.586194 0.5945832 0.5391046 0.6508842 0.7942837 0.6658132 0.3224711 0.5093246 0.4948647 0.492678 0.5423974 0.643788 -9999 0.4956914
0.5702935 0.5211949 0.3691769 0.4810802 0.7553508 -9999 0.5128508 0.3022433 0.403724 0.3822336 0.4472475 0.4532658 0.4630857 0.5871716 0.5007681 0.456976 0.3456042 0.4706158 0.5304667 0.5248262 0.5792363 0.5948245 0.3583396 0.5731266 0.6973272 0.9145252 0.8197232 0.6365231 0.2960653 0.5578579 0.2645085 0.4370721 0.4562832 0.4619802 0.3319916 0.453584 0.545758 0.4281214 0.3394609 0.3704112 0.306238 0.4595787 0.5358976 0.5293553 0.3561054 0.4755752 0.4984136 0.4503239 0.3188198 0.4146007 0.4955952 0.9982396 0.8789083 0.4744649 0.4657575 0.4415463 0.7176725 0.6826856 0.561883 0.6722789
0.5040271 0.4698026 0.5950607 0.4622229 0.580596 -9999 -9999 0.3691378 0.244061 0.4354051 0.4979722 0.4868252 0.6106773 0.588626 0.4581393 0.6910536 0.5790747 0.4792185 0.3981325 0.5204899 0.4408899 0.5911775 0.6807423 0.5814922 0.6878061 0.5122062 0.6482924 0.705246 0.9123627 0.5326114 0.2541955 0.4120008 0.2625423 0.5366249 0.5328714 0.6660171 0.2582291 0.480802 0.3666174 0.2746731 0.2972292 0.3761637 0.4494112 0.301381 0.4127088 0.4628165 0.8768328 0.4083672 0.3680153 0.3958471 0.5541521 -9999 0.5351174 0.3501677 0.8033196 0.3276224 0.4112858 0.4143422 0.357393 0.3772435
0.5003084 0.4340456 0.2206584 0.3436021 0.3901911 0.5526807 -9999 0.4600246 0.2256345 0.4270788 0.5372495 0.4400536 0.5464974 0.5050701 0.7091135 -9999 0.3440225 0.3361582 0.4808145 0.5774257 0.4981342 0.563445 0.7230196 0.4077035 0.5769659 0.5789518 0.563747 0.6418592 0.7875008 -9999 0.8016516 0.3951469 0.4148487 0.5448424 0.6554487 0.7612224 0.6208533 0.3712772 0.3782819 0.2981472 0.4029389 0.4666687 0.2814677 0.2611947 0.3261737 0.7694987 0.9986498 0.5277919 0.3972155 0.2319672 0.3470962 -9999 0.5420043 0.4490535 0.926503 0.4345143 0.3021908 0.5672236 0.4177794 0.387523
0.3182449 0.409721 0.4183289 0.1993281 0.4214572 0.365433 0.4211755 -9999 0.5230118 0.27002 0.3683214 0.4120912 0.3773943 0.3644717 0.6512962 -9999 0.451364 0.2676279 0.2165902 0.4850219 0.5223975 0.5906085 0.6789031 0.3880219 0.5481454 0.6912614 0.6854969 0.5520754 0.6068881 0.7467681 0.8216162 0.5622168 0.2408074 0.584774 0.9151952 0.6565774 0.7172348 0.8120348 0.4956409 0.5321042 0.4374113 0.3239579 0.2133818 0.3088065 0.4262457 0.8694616 -9999 0.6394761 0.5148159 0.2439824 0.2815882 0.4779428 0.7491698 0.9887057 0.5546147 0.4102873 0.3801787 0.5643871 0.5199565 0.4022027
0.3860406 0.3862875 0.4598618 0.3436671 0.3581025 0.3562727 0.4998659 0.7036852 0.8102959 0.5581845 0.1928519 0.521064 0.3617898 0.380168 0.5632073 -9999 0.3820749 0.6911755 0.5830309 0.322958 0.5518823 0.4981205 0.5052808 0.7502186 0.7666342 0.4815093 0.6260111 0.6382151 0.5940073 0.4509018 0.539813 0.7925121 0.478094 0.7129956 0.4689577 0.3291627 0.2279883 0.4728213 0.5345271 0.5775042 0.6911622 0.5207275 0.5953633 0.5203887 0.5847157 0.7159172 -9999 0.9297937 0.4243547 0.2155876 0.3447978 0.287756 0.368713 0.8102573 0.6550523 0.6748943 0.8615259 0.5221978 0.4492389 0.4459518
0.8946522 0.3083453 0.3968945 0.444377 0.3587734 0.2743822 0.2823917 0.3562621 0.7277715 -9999 0.2948509 0.3232597 0.3676368 0.3437225 0.4973249 0.7386655 0.5211086 0.583307 0.4901524 0.5412741 0.3221719 0.5050885 0.5439883 0.3711335 -9999 0.3152473 0.4178205 0.6277775 0.4887083 0.5787787 0.5420341 0.5151396 0.5834743 0.6570657 0.8867882 0.5365924 0.6702762 0.3180172 0.7403257 0.5274198 0.8071335 0.5830836 0.4911107 0.4702222 0.4903001 0.7360063 0.6190484 0.6114063 0.4230812 0.35778 0.6678517 0.4891308 0.868058 0.3335302 0.2888615 0.3570575 0.7605504 0.457615 0.4187822 0.5320114
-9999 0.375948 0.2159117 0.6486896 0.4619353 0.3350098 0.394724 0.4427436 0.6042814 0.4615019 0.4040065 0.2232673 0.1587085 0.4217359 0.4021257 0.3750062 0.5701259 0.5761378 0.5307233 0.505438 0.6296062 0.4902312 0.7338243 0.8480939 0.5856085 0.7924901 0.3019401 0.4271288 0.4851518 0.5339534 0.4227735 0.5206268 0.5706244 0.420229 0.6719936 -9999 -9999 0.5217846 0.2722848 0.5244543 0.7098515 0.6064233 0.4999661 0.484593 0.6103233 0.4919414 0.3693874 0.680471 0.2103027 0.4893522 0.768501 0.3889247 0.8489347 0.4721829 0.3014606 0.263313 0.544241 0.6714763 0.3621186 0.4386667
